savedSeed <-
c(403L, 92L, 972286555L, 2136336638L, -1259120294L, -1856988858L, 
1730673126L, -39010449L, 1470541412L, 1940513309L, 2101663279L, 
1268119670L, -1076031927L, -1899360190L, -2098914662L, 1557857939L, 
-35829815L, -225111535L, -1703905315L, 202021338L, -673222086L, 
1384610095L, -60299692L, -1160496519L, -1446635151L, -864731904L, 
1387112217L, 1011558302L, -237455345L, 140870996L, 291150657L, 
-963988850L, 1477060176L, 646561848L, 1389801782L, -370751856L, 
1489876153L, 570860524L, 578224274L, 1058500563L, -2075016177L, 
-668845636L, 1750293413L, 502610110L, -1723400723L, 419972700L, 
118064344L, -1497752637L, -230680082L, 1628565284L, -1160020327L, 
1011812817L, 1979847552L, -1515878619L, 1356766276L, -17037862L, 
677453261L, -1977607319L, 325237756L, -447409046L, 1113962047L, 
-107844783L, 567980232L, -1976603926L, -1916665089L, 800296172L, 
88953780L, -16726182L, 945128894L, 591865121L, -586316803L, -229646068L, 
305066951L, -1893180594L, -668046010L, -770121111L, 1857972181L, 
-1124022590L, -1423496640L, -689662256L, 1054511276L, -132299143L, 
-744994203L, 993211998L, 2136120922L, 697036247L, 1584625193L, 
1169936830L, 668751458L, -1998627069L, 1659869098L, -1948858573L, 
-1590641213L, 1703674765L, -74388203L, 1353246724L, 251879090L, 
-1399304622L, 1039818775L, 910285474L, -1134293026L, -1588164443L, 
826897287L, -1588416226L, 1256294664L, -1036088425L, 1516978755L, 
-1942980736L, 684172606L, -1306159652L, -189922861L, -1772501335L, 
-1184088549L, 1649938898L, 263071630L, 1891142277L, -107475694L, 
-1217375211L, -957362812L, 1696662002L, -351031782L, -620489201L, 
-1703205523L, -1061038402L, -420827132L, -1157656344L, -1502597783L, 
-1691297961L, -120444737L, -107495308L, 661659019L, -1433266313L, 
1906574434L, 2036986837L, 1370465680L, -469257184L, 230775903L, 
-1991244642L, 457155106L, -1371896075L, -1358735513L, -1451824821L, 
1676698528L, 205950690L, -1033017594L, -1793821421L, 1804285525L, 
-1747883297L, -961333440L, -297609143L, -1789637909L, -1440336881L, 
-665378322L, 725224221L, -1971940683L, 1190552521L, -2050221167L, 
41198250L, -994076436L, -2144598352L, -1697870423L, -1122068307L, 
-49157378L, 1036299759L, -904687720L, -607497139L, -1235060357L, 
1149092036L, 2143773142L, 1601057377L, -1227024156L, 423827726L, 
-198231249L, -1564719875L, 160452304L, -1226666653L, 1799996801L, 
568465147L, -512268706L, -1340036954L, -1441923857L, -35580937L, 
1663835610L, 1857900403L, -1424241966L, 1414306301L, -309394937L, 
-1310531704L, -2080945090L, -989921761L, -1363306125L, 253006860L, 
515051503L, -697566935L, 1482772046L, -954532608L, -439191192L, 
1624973753L, -1631505926L, 2023918939L, -468133044L, -574098961L, 
-1084777065L, -8252752L, -1804298322L, -1301278997L, 1758378612L, 
-760111258L, 2050626819L, -2100919126L, 1628495L, 1141276857L, 
-856458010L, 349985863L, 1362311359L, -660938322L, 527703588L, 
-199883989L, 1932978106L, -1670819759L, -26725638L, -1016918490L, 
-2025512081L, -2024764264L, 1529669562L, 22701168L, -1775318425L, 
-370584509L, 746326570L, 2021652166L, 1716378404L, 1442616660L, 
1391649090L, 1361117860L, -1962631444L, 431297388L, 523352670L, 
-1507467571L, 176634597L, 540599485L, 1778111572L, 1889629795L, 
879289901L, 534762008L, -190223649L, -1389394580L, -1201401336L, 
599017822L, -1436219240L, 598943779L, 1105662104L, 1944723322L, 
-2008671255L, -138946537L, 1460320861L, 1098944543L, -176072294L, 
926641357L, 1184706111L, 1294539284L, -638322753L, 1656633249L, 
-1737496204L, -671568221L, -1943843479L, -425014730L, 1148289390L, 
1369851325L, 136192444L, -531358763L, -1773762958L, -162333534L, 
1262745816L, 2079237828L, -1398027699L, 1592312939L, -1050797255L, 
-19236043L, -1370556876L, -491607327L, 267428932L, -238861691L, 
-1853079598L, -637139136L, -502729930L, 1993497272L, -135288983L, 
-1451282245L, -1864307713L, -2038738065L, -1223113921L, -1289481381L, 
42797370L, -1549706666L, 1542575712L, 1263155205L, 2074705626L, 
923524477L, -950110621L, -1872945956L, -398008810L, 1298953613L, 
-1024513666L, 1352790192L, 966414773L, 1517643227L, -1012937818L, 
1464327054L, 1153086059L, 621991464L, 930588760L, 661040777L, 
1118993298L, 148270431L, 960516116L, -246378370L, -603818120L, 
-267944607L, 1106775185L, 967926828L, -290989897L, -1088233968L, 
-1321780569L, 2021552648L, 177762502L, -1652722924L, 278418806L, 
-1308995048L, 507368058L, -544430837L, 256086035L, -1593884590L, 
-457116015L, -1108931550L, -217755340L, -179120025L, 768213617L, 
703638732L, 909676383L, -1803932860L, -550921022L, 293184544L, 
-2088121877L, -1414293597L, -1121534369L, -1537526392L, 1266939277L, 
1475090070L, -1083540154L, -1334134313L, 1469464346L, -1282775329L, 
1021687033L, -75881152L, -615189448L, -378896995L, -1811898729L, 
-1143003802L, 592866839L, 1771974941L, 2072798624L, -1749645204L, 
-1763087172L, -1985280694L, -376284502L, 879746332L, 803105506L, 
-1096722125L, -620915473L, 2088082030L, 1926843171L, 1919696487L, 
900413280L, -702416884L, -1325168951L, -1991100902L, 51799772L, 
-1590354209L, 1620100212L, -361035896L, -1654064542L, 472250405L, 
743611661L, 792003529L, -195765874L, 1593121957L, -806489744L, 
1691005931L, -1108266703L, 408058815L, -1926527785L, -1237461121L, 
1917757709L, 353832425L, -865840268L, 1746290347L, 1918382620L, 
1652588406L, 223619099L, 1579923244L, -2012824643L, 685498490L, 
-2042604902L, -1435824777L, -950974076L, -1109956312L, 298190398L, 
-2136163064L, -1438491903L, -817341057L, 234610891L, -744387022L, 
-1981509033L, -881772480L, 1677779245L, -1913265007L, 1979312401L, 
585665416L, 120651314L, -840659894L, -2105279434L, -663125507L, 
997801014L, -856225448L, 2008552647L, 1242911659L, 503497473L, 
-166156206L, 1357314832L, -626440376L, -1936877824L, 1995721790L, 
-1541675472L, -650696479L, -180536283L, -283063349L, 2024870587L, 
-669811537L, 1563446417L, -921516152L, 1695207776L, -532135952L, 
417190069L, 1128695148L, -569911380L, 1125323629L, -2008753046L, 
238740559L, 1842701916L, -1125462869L, -1017748967L, 10589951L, 
-2118729357L, 698132795L, -601508426L, -144793904L, -173574490L, 
-2145570422L, -1819011183L, 1564819218L, -113704994L, 1609649024L, 
-1762774799L, 1716731382L, -1312014323L, -1949239705L, 379535747L, 
466472414L, 1247090261L, -1654054770L, 1611997021L, -156673297L, 
1832518624L, 1897945115L, -64557157L, -1453908582L, -74159152L, 
-330075707L, -775445294L, 464836023L, -1804309800L, 1290257757L, 
-58567764L, 1266554376L, -786112372L, 979367038L, 278691458L, 
1712543402L, 1652902092L, 1149100913L, 1081886678L, 130106633L, 
-957564479L, 326563233L, -919965302L, -327934234L, 2041757066L, 
545262143L, -1424071232L, -1509840745L, 12252662L, -1982432504L, 
-1782988232L, 112717174L, 81101974L, 620215915L, -1894771045L, 
1181749746L, -1631830549L, 2087628021L, 1097310877L, -1132113586L, 
951406170L, 433642933L, 1813313158L, 1797782000L, 1313473782L, 
-471539415L, 1354569689L, -1234189205L, -336998075L, 685762700L, 
-188534225L, 823478144L, 1853384697L, 1406418144L, -1392802210L, 
-792210591L, 816605523L, -1966384146L, -351836514L, -1472019660L, 
-1688540599L, -269247297L, 1146827253L, 1909369325L, 481348710L, 
450718178L, 1798810018L, 95178033L, -34869447L, -37118462L, -1849125830L, 
-1517139351L, 311209172L, -353716811L, 126719111L, -1098432808L, 
1885723145L, -303396385L, 1103123877L, -463320088L, 1006213098L, 
2147474314L, -778400148L, -1455092396L, -594740814L, -1623321885L, 
-626157132L, -1768803657L, 1861476247L, -1137673531L, -2030302884L, 
-2125255550L, 1100965889L, -1282774250L, 26466119L, 963430649L, 
1105325314L, -42899206L, 1903442331L, 1426526732L, -691559090L, 
-2016044525L, 497148187L, 628650164L, 1084069573L, -94630122L, 
-965725802L, -228161282L, 1124150455L, -2013577096L, 1554840646L, 
-256697876L, -2030898639L, -522606309L, -1253607199L, -179827090L, 
-1386995192L, -1351253698L, -187722258L, -928410922L, 376502235L, 
-1625533543L, -510704432L, 47889229L, 1824278971L, -1100197963L, 
-140368552L, -623767946L, -2078072754L, -492572624L, 388349739L, 
